fib2, 21, 0, 1650577455.502358, 1650577455.505544, 0.0031859874725341797
fib1, 27, 0, 1650577455.474171, 1650577455.523324, 0.04915308952331543
fib5, 26, 0, 1650577455.573164, 1650577455.637132, 0.06396794319152832
fib10, 21, 0, 1650577455.660215, 1650577455.666051, 0.005836009979248047
fib6, 28, 0, 1650577455.570706, 1650577455.701715, 0.13100910186767578
fib9, 27, 0, 1650577455.638236, 1650577455.724225, 0.08598899841308594
fib13, 23, 0, 1650577455.75567, 1650577455.773116, 0.017446041107177734
fib3, 30, 0, 1650577455.514185, 1650577455.865564, 0.3513791561126709
fib17, 22, 0, 1650577455.894813, 1650577455.90413, 0.00931692123413086
fib14, 28, 0, 1650577455.754934, 1650577456.019629, 0.2646949291229248
fib20, 24, 0, 1650577456.033169, 1650577456.072952, 0.03978300094604492
fib7, 30, 0, 1650577455.593927, 1650577456.080191, 0.4862639904022217
fib24, 26, 0, 1650577456.091694, 1650577456.15304, 0.061345815658569336
fib11, 30, 0, 1650577455.672309, 1650577456.178502, 0.5061931610107422
fib15, 30, 0, 1650577455.800323, 1650577456.221367, 0.42104387283325195
fib18, 28, 0, 1650577455.915491, 1650577456.251374, 0.33588290214538574
fib23, 27, 0, 1650577456.080203, 1650577456.26303, 0.18282699584960938
fib28, 22, 0, 1650577456.28559, 1650577456.310027, 0.02443695068359375
fib31, 21, 0, 1650577456.374973, 1650577456.388105, 0.013131856918334961
fib26, 28, 0, 1650577456.193449, 1650577456.415178, 0.22172904014587402
fib30, 27, 0, 1650577456.354264, 1650577456.538396, 0.18413186073303223
fib19, 30, 0, 1650577455.948365, 1650577456.584283, 0.635918140411377
fib34, 27, 0, 1650577456.457644, 1650577456.704228, 0.2465839385986328
fib36, 25, 0, 1650577456.574454, 1650577456.712562, 0.1381080150604248
fib40, 21, 0, 1650577456.717274, 1650577456.734448, 0.01717400550842285
fib45, 21, 0, 1650577456.913226, 1650577456.930787, 0.01756119728088379
fib22, 30, 0, 1650577456.044862, 1650577456.941594, 0.8967318534851074
fib48, 22, 0, 1650577457.016144, 1650577457.04483, 0.028686046600341797
fib41, 28, 0, 1650577456.73994, 1650577457.144606, 0.4046661853790283
fib52, 23, 0, 1650577457.162223, 1650577457.204288, 0.04206490516662598
fib39, 28, 0, 1650577456.723627, 1650577457.238019, 0.5143918991088867
fib46, 27, 0, 1650577456.926641, 1650577457.249807, 0.3231658935546875
fib27, 30, 0, 1650577456.234224, 1650577457.282593, 1.0483689308166504
fib57, 23, 0, 1650577457.33761, 1650577457.396285, 0.05867505073547363
fib32, 30, 0, 1650577456.413002, 1650577457.438599, 1.025597095489502
fib50, 27, 0, 1650577457.136858, 1650577457.501295, 0.3644371032714844
fib35, 30, 0, 1650577456.504431, 1650577457.559086, 1.0546550750732422
fib54, 27, 0, 1650577457.211133, 1650577457.561263, 0.3501300811767578
fib65, 21, 0, 1650577457.643949, 1650577457.649501, 0.005552053451538086
fib61, 26, 0, 1650577457.531773, 1650577457.756808, 0.2250349521636963
fib68, 24, 0, 1650577457.851371, 1650577457.938813, 0.08744192123413086
fib58, 28, 0, 1650577457.370034, 1650577457.990714, 0.6206800937652588
fib66, 27, 0, 1650577457.693808, 1650577458.091254, 0.3974459171295166
fib38, 30, 0, 1650577456.652779, 1650577458.105576, 1.4527969360351562
fib62, 28, 0, 1650577457.549354, 1650577458.135869, 0.586514949798584
fib42, 30, 0, 1650577456.795451, 1650577458.260423, 1.4649720191955566
fib70, 27, 0, 1650577457.904993, 1650577458.306206, 0.4012129306793213
fib73, 26, 0, 1650577458.053323, 1650577458.334382, 0.28105902671813965
fib77, 25, 0, 1650577458.180727, 1650577458.353845, 0.17311787605285645
fib44, 30, 0, 1650577456.864484, 1650577458.361989, 1.4975049495697021
fib74, 27, 0, 1650577458.045949, 1650577458.462317, 0.4163680076599121
fib79, 25, 0, 1650577458.313176, 1650577458.501735, 0.18855905532836914
fib80, 25, 0, 1650577458.349302, 1650577458.517864, 0.1685619354248047
fib49, 30, 0, 1650577457.072009, 1650577458.536666, 1.4646568298339844
fib86, 23, 0, 1650577458.547116, 1650577458.593566, 0.046449899673461914
fib75, 27, 0, 1650577458.163042, 1650577458.594171, 0.43112897872924805
fib81, 27, 0, 1650577458.383191, 1650577458.749319, 0.36612796783447266
fib90, 21, 0, 1650577458.73039, 1650577458.759757, 0.02936697006225586
fib53, 30, 0, 1650577457.186529, 1650577458.764814, 1.5782849788665771
fib55, 30, 0, 1650577457.262659, 1650577458.885462, 1.622802972793579
fib94, 24, 0, 1650577458.897561, 1650577459.028839, 0.13127803802490234
fib88, 27, 0, 1650577458.641875, 1650577459.100579, 0.45870399475097656
fib98, 20, 0, 1650577459.107155, 1650577459.110676, 0.003520965576171875
fib60, 30, 0, 1650577457.479126, 1650577459.140172, 1.661046028137207
fib84, 28, 0, 1650577458.445554, 1650577459.204482, 0.7589280605316162
fib103, 22, 0, 1650577459.239897, 1650577459.27587, 0.03597307205200195
fib102, 21, 0, 1650577459.229744, 1650577459.277905, 0.04816102981567383
fib92, 27, 0, 1650577458.830244, 1650577459.292788, 0.46254396438598633
fib104, 23, 0, 1650577459.311561, 1650577459.349484, 0.03792285919189453
fib108, 21, 0, 1650577459.382379, 1650577459.419844, 0.03746485710144043
fib64, 30, 0, 1650577457.623746, 1650577459.50165, 1.8779041767120361
fib99, 27, 0, 1650577459.12787, 1650577459.668864, 0.5409939289093018
fib69, 30, 0, 1650577457.838511, 1650577459.702828, 1.8643169403076172
fib112, 24, 0, 1650577459.55649, 1650577459.728062, 0.17157196998596191
fib95, 28, 0, 1650577458.945249, 1650577459.772769, 0.8275198936462402
fib106, 27, 0, 1650577459.318742, 1650577459.854312, 0.5355699062347412
fib116, 23, 0, 1650577459.774699, 1650577459.872749, 0.09805011749267578
fib120, 21, 0, 1650577459.885592, 1650577459.927208, 0.041615962982177734
fib71, 30, 0, 1650577457.998428, 1650577460.002665, 2.004236936569214
fib125, 21, 0, 1650577460.061939, 1650577460.108385, 0.04644608497619629
fib105, 28, 0, 1650577459.335766, 1650577460.1862, 0.8504338264465332
fib78, 30, 0, 1650577458.194451, 1650577460.232837, 2.0383858680725098
fib128, 24, 0, 1650577460.19182, 1650577460.334382, 0.1425621509552002
fib119, 27, 0, 1650577459.856477, 1650577460.504686, 0.6482090950012207
fib131, 24, 0, 1650577460.381099, 1650577460.54851, 0.16741108894348145
fib111, 28, 0, 1650577459.542597, 1650577460.585778, 1.0431809425354004
fib126, 27, 0, 1650577460.124094, 1650577460.734283, 0.6101889610290527
fib83, 30, 0, 1650577458.441682, 1650577460.761928, 2.3202459812164307
fib115, 28, 0, 1650577459.725996, 1650577460.766791, 1.040795087814331
fib135, 25, 0, 1650577460.541042, 1650577460.810309, 0.26926684379577637
fib142, 21, 0, 1650577460.811775, 1650577460.83709, 0.025315046310424805
fib139, 24, 0, 1650577460.719741, 1650577460.886679, 0.16693782806396484
fib146, 20, 0, 1650577460.914718, 1650577460.946011, 0.03129315376281738
fib129, 27, 0, 1650577460.284482, 1650577461.012726, 0.7282440662384033
fib132, 27, 0, 1650577460.372739, 1650577461.063416, 0.6906769275665283
fib87, 30, 0, 1650577458.627025, 1650577461.071536, 2.4445111751556396
fib150, 23, 0, 1650577461.067022, 1650577461.14907, 0.08204793930053711
fib91, 30, 0, 1650577458.774517, 1650577461.290037, 2.515519857406616
fib154, 22, 0, 1650577461.19026, 1650577461.297263, 0.10700297355651855
fib141, 27, 0, 1650577460.736254, 1650577461.440063, 0.7038090229034424
fib158, 21, 0, 1650577461.450478, 1650577461.503797, 0.05331897735595703
fib144, 27, 0, 1650577460.896319, 1650577461.64817, 0.7518510818481445
fib96, 30, 0, 1650577459.002192, 1650577461.721428, 2.719235897064209
fib137, 28, 0, 1650577460.595432, 1650577461.752013, 1.156580924987793
fib161, 23, 0, 1650577461.622223, 1650577461.773041, 0.1508181095123291
fib166, 20, 0, 1650577461.826283, 1650577461.829623, 0.003340005874633789
fib100, 30, 0, 1650577459.138791, 1650577461.887911, 2.749119997024536
fib169, 20, 0, 1650577461.93809, 1650577461.969943, 0.03185296058654785
fib171, 20, 0, 1650577462.029916, 1650577462.061447, 0.03153085708618164
fib107, 30, 0, 1650577459.384519, 1650577462.282278, 2.897758960723877
fib148, 28, 0, 1650577461.006798, 1650577462.334669, 1.3278710842132568
fib174, 23, 0, 1650577462.188724, 1650577462.335556, 0.14683198928833008
fib109, 30, 0, 1650577459.450557, 1650577462.400717, 2.950160026550293
fib153, 28, 0, 1650577461.19857, 1650577462.507705, 1.3091349601745605
fib163, 27, 0, 1650577461.735833, 1650577462.575158, 0.8393251895904541
fib183, 21, 0, 1650577462.613853, 1650577462.679306, 0.06545305252075195
fib155, 28, 0, 1650577461.318795, 1650577462.687929, 1.3691339492797852
fib178, 25, 0, 1650577462.418354, 1650577462.77258, 0.35422587394714355
fib113, 30, 0, 1650577459.598659, 1650577462.792746, 3.194087028503418
fib159, 28, 0, 1650577461.486138, 1650577462.818814, 1.3326759338378906
fib117, 30, 0, 1650577459.842994, 1650577463.010597, 3.167603015899658
fib186, 25, 0, 1650577462.750236, 1650577463.049903, 0.2996668815612793
fib190, 23, 0, 1650577462.952208, 1650577463.054604, 0.10239601135253906
fib121, 30, 0, 1650577459.920198, 1650577463.237246, 3.3170480728149414
fib194, 21, 0, 1650577463.170551, 1650577463.252111, 0.08155989646911621
fib167, 28, 0, 1650577461.841338, 1650577463.255498, 1.4141600131988525
fib122, 30, 0, 1650577459.982725, 1650577463.378121, 3.3953959941864014
fib181, 27, 0, 1650577462.552533, 1650577463.441367, 0.8888339996337891
fib172, 28, 0, 1650577462.100352, 1650577463.549879, 1.4495270252227783
fib130, 30, 0, 1650577460.283771, 1650577463.781017, 3.497246026992798
fib205, 20, 0, 1650577463.847276, 1650577463.850602, 0.003325939178466797
fib133, 30, 0, 1650577460.39528, 1650577463.893611, 3.498331069946289
fib189, 27, 0, 1650577462.935762, 1650577463.905492, 0.9697301387786865
fib136, 30, 0, 1650577460.538677, 1650577463.907575, 3.3688979148864746
fib201, 25, 0, 1650577463.576313, 1650577463.960904, 0.38459086418151855
fib177, 28, 0, 1650577462.369513, 1650577463.978171, 1.6086580753326416
fib197, 26, 0, 1650577463.35038, 1650577463.995697, 0.6453170776367188
fib193, 27, 0, 1650577463.177938, 1650577464.156988, 0.9790499210357666
fib140, 30, 0, 1650577460.708606, 1650577464.180642, 3.4720358848571777
fib215, 21, 0, 1650577464.249326, 1650577464.282746, 0.03342008590698242
fib185, 28, 0, 1650577462.767835, 1650577464.30807, 1.5402350425720215
fib213, 23, 0, 1650577464.195387, 1650577464.317321, 0.12193417549133301
fib198, 27, 0, 1650577463.391672, 1650577464.320109, 0.9284369945526123
fib220, 23, 0, 1650577464.476123, 1650577464.598114, 0.12199091911315918
fib210, 26, 0, 1650577464.065072, 1650577464.64132, 0.5762479305267334
fib145, 30, 0, 1650577460.878798, 1650577464.645025, 3.7662270069122314
fib149, 30, 0, 1650577461.025718, 1650577464.705095, 3.6793770790100098
fib214, 26, 0, 1650577464.215478, 1650577464.800719, 0.5852410793304443
fib151, 30, 0, 1650577461.155962, 1650577464.813474, 3.6575119495391846
fib208, 27, 0, 1650577463.96523, 1650577464.929238, 0.964008092880249
fib212, 27, 0, 1650577464.131591, 1650577465.111998, 0.9804069995880127
fib156, 30, 0, 1650577461.354813, 1650577465.268024, 3.913210868835449
fib203, 28, 0, 1650577463.629088, 1650577465.271761, 1.6426730155944824
fib227, 25, 0, 1650577464.895647, 1650577465.289181, 0.39353394508361816
fib223, 26, 0, 1650577464.696025, 1650577465.319123, 0.6230981349945068
fib232, 23, 0, 1650577465.231945, 1650577465.349963, 0.11801791191101074
fib160, 30, 0, 1650577461.527626, 1650577465.399217, 3.8715908527374268
fib219, 27, 0, 1650577464.471461, 1650577465.48329, 1.011828899383545
fib236, 21, 0, 1650577465.459662, 1650577465.506488, 0.04682612419128418
fib206, 28, 0, 1650577463.876766, 1650577465.532928, 1.6561620235443115
fib221, 27, 0, 1650577464.566157, 1650577465.556707, 0.9905498027801514
fib241, 21, 0, 1650577465.680092, 1650577465.71745, 0.03735780715942383
fib164, 30, 0, 1650577461.717996, 1650577465.774065, 4.0560691356658936
fib225, 27, 0, 1650577464.832541, 1650577465.860979, 1.0284380912780762
fib168, 30, 0, 1650577461.914612, 1650577465.979477, 4.064864873886108
fib245, 23, 0, 1650577465.888549, 1650577466.028771, 0.14022183418273926
fib229, 27, 0, 1650577465.028784, 1650577466.079941, 1.051156997680664
fib173, 30, 0, 1650577462.086236, 1650577466.161476, 4.075239896774292
fib250, 22, 0, 1650577466.191442, 1650577466.276191, 0.08474898338317871
fib233, 27, 0, 1650577465.327849, 1650577466.30729, 0.9794411659240723
fib176, 30, 0, 1650577462.265767, 1650577466.473382, 4.207614898681641
fib237, 27, 0, 1650577465.511607, 1650577466.525264, 1.0136570930480957
fib255, 23, 0, 1650577466.462281, 1650577466.640528, 0.17824697494506836
fib257, 22, 0, 1650577466.558257, 1650577466.686878, 0.12862086296081543
fib240, 27, 0, 1650577465.641227, 1650577466.69638, 1.0551528930664062
fib179, 30, 0, 1650577462.453738, 1650577466.744113, 4.290374994277954
fib182, 30, 0, 1650577462.585256, 1650577466.841774, 4.2565178871154785
fib261, 20, 0, 1650577466.863509, 1650577466.910995, 0.047486066818237305
fib265, 22, 0, 1650577466.999872, 1650577467.104721, 0.10484910011291504
fib187, 30, 0, 1650577462.859442, 1650577467.170172, 4.31072998046875
fib252, 27, 0, 1650577466.269412, 1650577467.337893, 1.0684809684753418
fib191, 30, 0, 1650577463.016864, 1650577467.373383, 4.356518983840942
fib269, 20, 0, 1650577467.331789, 1650577467.375652, 0.04386305809020996
fib262, 26, 0, 1650577466.850622, 1650577467.534174, 0.6835520267486572
fib244, 28, 0, 1650577465.844203, 1650577467.573843, 1.729640007019043
fib195, 30, 0, 1650577463.248069, 1650577467.599573, 4.351503849029541
fib272, 23, 0, 1650577467.454578, 1650577467.648836, 0.1942579746246338
fib277, 20, 0, 1650577467.748797, 1650577467.80014, 0.05134296417236328
fib247, 28, 0, 1650577466.001089, 1650577467.820102, 1.8190128803253174
fib199, 30, 0, 1650577463.484242, 1650577467.857559, 4.373317003250122
fib260, 27, 0, 1650577466.766675, 1650577467.964456, 1.1977810859680176
fib281, 23, 0, 1650577467.980908, 1650577468.121826, 0.14091801643371582
fib202, 30, 0, 1650577463.596128, 1650577468.172541, 4.576412916183472
fib285, 21, 0, 1650577468.236816, 1650577468.290159, 0.05334305763244629
fib256, 28, 0, 1650577466.541932, 1650577468.31326, 1.7713279724121094
fib207, 30, 0, 1650577463.93237, 1650577468.342331, 4.409960985183716
fib288, 23, 0, 1650577468.386659, 1650577468.596588, 0.2099289894104004
fib270, 27, 0, 1650577467.431054, 1650577468.647241, 1.2161870002746582
fib275, 27, 0, 1650577467.668323, 1650577468.868325, 1.2000019550323486
fib211, 30, 0, 1650577464.10855, 1650577468.897376, 4.788825988769531
fib291, 24, 0, 1650577468.624015, 1650577468.91604, 0.2920248508453369
fib279, 27, 0, 1650577467.788586, 1650577468.94686, 1.1582741737365723
fib295, 23, 0, 1650577468.859181, 1650577468.997495, 0.13831400871276855
fib266, 28, 0, 1650577467.086201, 1650577469.030719, 1.9445180892944336
fib216, 30, 0, 1650577464.355534, 1650577469.060705, 4.7051708698272705
fib217, 30, 0, 1650577464.391655, 1650577469.082663, 4.6910080909729
fib4, 34, 0, 1650577455.522482, 1650577469.195546, 13.67306399345398
fib299, 22, 0, 1650577469.106065, 1650577469.218792, 0.11272692680358887
fib303, 20, 0, 1650577469.245643, 1650577469.292975, 0.047332048416137695
fib283, 27, 0, 1650577468.124316, 1650577469.295234, 1.1709179878234863
fib224, 30, 0, 1650577464.786501, 1650577469.551844, 4.765342950820923
fib307, 21, 0, 1650577469.516315, 1650577469.56965, 0.053334951400756836
fib274, 28, 0, 1650577467.609514, 1650577469.590235, 1.9807209968566895
fib289, 27, 0, 1650577468.457292, 1650577469.696337, 1.2390449047088623
fib293, 27, 0, 1650577468.711163, 1650577469.871055, 1.1598918437957764
fib231, 30, 0, 1650577465.1831, 1650577469.883559, 4.700459003448486
fib228, 30, 0, 1650577464.99635, 1650577469.967467, 4.97111701965332
fib315, 21, 0, 1650577470.022209, 1650577470.123527, 0.1013181209564209
fib235, 30, 0, 1650577465.435644, 1650577470.171179, 4.735535144805908
fib311, 25, 0, 1650577469.784311, 1650577470.252957, 0.4686460494995117
fib301, 27, 0, 1650577469.239185, 1650577470.446141, 1.206955909729004
fib318, 24, 0, 1650577470.192754, 1650577470.519667, 0.32691287994384766
fib243, 30, 0, 1650577465.756905, 1650577470.59892, 4.842015027999878
fib322, 21, 0, 1650577470.501826, 1650577470.611223, 0.10939693450927734
fib239, 30, 0, 1650577465.596554, 1650577470.657022, 5.060467958450317
fib308, 27, 0, 1650577469.535759, 1650577470.808048, 1.2722890377044678
fib297, 28, 0, 1650577469.000833, 1650577471.032708, 2.031874895095825
fib248, 30, 0, 1650577466.04276, 1650577471.043175, 5.000415086746216
fib328, 23, 0, 1650577470.888521, 1650577471.058645, 0.17012405395507812
fib312, 27, 0, 1650577469.840739, 1650577471.121472, 1.2807328701019287
fib249, 30, 0, 1650577466.129578, 1650577471.338067, 5.208488941192627
fib316, 27, 0, 1650577470.069921, 1650577471.34657, 1.276648998260498
fib327, 25, 0, 1650577470.895338, 1650577471.384132, 0.48879384994506836
fib305, 28, 0, 1650577469.381608, 1650577471.418419, 2.036810874938965
fib335, 22, 0, 1650577471.309775, 1650577471.470854, 0.16107892990112305
fib254, 30, 0, 1650577466.389736, 1650577471.512639, 5.122903108596802
fib320, 27, 0, 1650577470.278146, 1650577471.582278, 1.3041319847106934
fib326, 26, 0, 1650577470.843224, 1650577471.671047, 0.8278229236602783
fib331, 26, 0, 1650577471.058557, 1650577471.889691, 0.8311340808868408
fib258, 30, 0, 1650577466.663695, 1650577471.912407, 5.248711824417114
fib345, 20, 0, 1650577471.930132, 1650577471.98176, 0.05162811279296875
fib340, 24, 0, 1650577471.703429, 1650577471.986285, 0.2828559875488281
fib264, 30, 0, 1650577466.964042, 1650577472.095124, 5.131082057952881
fib349, 23, 0, 1650577472.23315, 1650577472.459397, 0.22624707221984863
fib267, 30, 0, 1650577467.199413, 1650577472.464175, 5.264761924743652
fib348, 25, 0, 1650577472.15353, 1650577472.666369, 0.5128390789031982
fib271, 30, 0, 1650577467.459997, 1650577472.689015, 5.229017972946167
fib337, 27, 0, 1650577471.453173, 1650577472.807612, 1.3544390201568604
fib324, 28, 0, 1650577470.668531, 1650577472.828068, 2.1595370769500732
fib357, 20, 0, 1650577472.820859, 1650577472.880223, 0.05936408042907715
fib276, 30, 0, 1650577467.728268, 1650577473.011606, 5.2833380699157715
fib341, 27, 0, 1650577471.695085, 1650577473.052197, 1.357111930847168
fib330, 28, 0, 1650577471.063525, 1650577473.201544, 2.13801908493042
fib344, 27, 0, 1650577471.947469, 1650577473.334991, 1.3875219821929932
fib333, 28, 0, 1650577471.246284, 1650577473.464621, 2.218337059020996
fib364, 23, 0, 1650577473.264863, 1650577473.498967, 0.23410391807556152
fib354, 26, 0, 1650577472.614722, 1650577473.506488, 0.8917660713195801
fib280, 30, 0, 1650577467.953238, 1650577473.45076, 5.497521877288818
fib350, 27, 0, 1650577472.288926, 1650577473.625029, 1.3361032009124756
fib284, 30, 0, 1650577468.134724, 1650577473.651295, 5.516571044921875
fib368, 22, 0, 1650577473.569931, 1650577473.681602, 0.11167097091674805
fib286, 30, 0, 1650577468.304308, 1650577473.692128, 5.38782000541687
fib360, 26, 0, 1650577472.990308, 1650577473.900088, 0.9097800254821777
fib290, 30, 0, 1650577468.499244, 1650577474.065243, 5.5659990310668945
fib355, 27, 0, 1650577472.709266, 1650577474.0785, 1.3692340850830078
fib358, 27, 0, 1650577472.899447, 1650577474.238272, 1.338824987411499
fib294, 30, 0, 1650577468.787936, 1650577474.306244, 5.51830792427063
fib373, 25, 0, 1650577473.899642, 1650577474.456455, 0.5568130016326904
fib361, 27, 0, 1650577473.072361, 1650577474.483216, 1.4108550548553467
fib298, 30, 0, 1650577469.019017, 1650577474.539209, 5.52019190788269
fib377, 25, 0, 1650577474.180312, 1650577474.690401, 0.5100891590118408
fib365, 27, 0, 1650577473.338697, 1650577474.76459, 1.4258930683135986
fib302, 30, 0, 1650577469.187787, 1650577474.861515, 5.673727989196777
fib387, 22, 0, 1650577474.881444, 1650577474.998309, 0.11686491966247559
fib306, 30, 0, 1650577469.44735, 1650577475.04668, 5.599329948425293
fib369, 27, 0, 1650577473.622313, 1650577475.030851, 1.4085378646850586
fib383, 25, 0, 1650577474.613328, 1650577475.163013, 0.549685001373291
fib391, 20, 0, 1650577475.204859, 1650577475.264238, 0.05937910079956055
fib372, 27, 0, 1650577473.872062, 1650577475.30408, 1.4320180416107178
fib310, 30, 0, 1650577469.743578, 1650577475.459041, 5.715463161468506
fib313, 30, 0, 1650577469.888012, 1650577475.698302, 5.810290098190308
fib400, 20, 0, 1650577475.832569, 1650577475.895887, 0.06331801414489746
fib381, 27, 0, 1650577474.450318, 1650577475.957906, 1.5075879096984863
fib317, 30, 0, 1650577470.138313, 1650577476.023427, 5.885113954544067
fib321, 30, 0, 1650577470.475671, 1650577476.230384, 5.75471305847168
fib404, 20, 0, 1650577476.168333, 1650577476.231725, 0.06339192390441895
fib395, 26, 0, 1650577475.501379, 1650577476.484749, 0.9833700656890869
fib407, 21, 0, 1650577476.428267, 1650577476.493799, 0.06553196907043457
fib376, 28, 0, 1650577474.119855, 1650577476.51769, 2.3978350162506104
fib325, 30, 0, 1650577470.748105, 1650577476.728781, 5.980675935745239
fib338, 30, 0, 1650577471.488556, 1650577476.796841, 5.3082849979400635
fib329, 30, 0, 1650577470.928396, 1650577476.846179, 5.91778302192688
fib417, 20, 0, 1650577477.087426, 1650577477.090733, 0.0033071041107177734
fib410, 25, 0, 1650577476.647843, 1650577477.230247, 0.5824041366577148
fib385, 28, 0, 1650577474.730129, 1650577477.260854, 2.5307250022888184
fib334, 30, 0, 1650577471.298076, 1650577477.531265, 6.233189105987549
fib389, 28, 0, 1650577475.00233, 1650577477.610327, 2.607996940612793
fib392, 28, 0, 1650577475.303849, 1650577477.730206, 2.4263570308685303
fib425, 22, 0, 1650577477.702005, 1650577477.838698, 0.13669300079345703
fib415, 26, 0, 1650577476.928083, 1650577477.92721, 0.9991271495819092
fib396, 28, 0, 1650577475.525026, 1650577477.986245, 2.46121883392334
fib408, 27, 0, 1650577476.421991, 1650577478.013986, 1.5919950008392334
fib342, 30, 0, 1650577471.771555, 1650577478.014534, 6.242979049682617
fib429, 22, 0, 1650577477.894829, 1650577478.091516, 0.1966869831085205
fib346, 30, 0, 1650577472.041962, 1650577478.304801, 6.262839078903198
fib399, 28, 0, 1650577475.766148, 1650577478.305089, 2.538940906524658
fib412, 27, 0, 1650577476.739741, 1650577478.356192, 1.6164510250091553
fib421, 26, 0, 1650577477.474757, 1650577478.481976, 1.0072190761566162
fib351, 30, 0, 1650577472.329465, 1650577478.533385, 6.203920125961304
fib435, 23, 0, 1650577478.412152, 1650577478.604492, 0.19233989715576172
fib403, 28, 0, 1650577476.111688, 1650577478.653877, 2.542189121246338
fib416, 27, 0, 1650577477.051387, 1650577478.675182, 1.6237950325012207
fib440, 21, 0, 1650577478.760671, 1650577478.833706, 0.07303500175476074
fib353, 30, 0, 1650577472.527696, 1650577478.871505, 6.343809127807617
fib359, 30, 0, 1650577472.975248, 1650577479.349828, 6.374579906463623
fib433, 26, 0, 1650577478.296818, 1650577479.36401, 1.0671920776367188
fib362, 30, 0, 1650577473.187723, 1650577479.535295, 6.347572088241577
fib428, 27, 0, 1650577477.954751, 1650577479.574655, 1.6199040412902832
fib438, 26, 0, 1650577478.644573, 1650577479.675755, 1.031182050704956
fib439, 26, 0, 1650577478.704017, 1650577479.771803, 1.0677859783172607
fib432, 27, 0, 1650577478.204696, 1650577479.908524, 1.7038280963897705
fib441, 26, 0, 1650577478.868182, 1650577479.923523, 1.0553410053253174
fib451, 23, 0, 1650577479.743658, 1650577479.961661, 0.2180030345916748
fib447, 25, 0, 1650577479.344869, 1650577479.972972, 0.6281030178070068
fib454, 22, 0, 1650577479.840849, 1650577479.980994, 0.14014506340026855
fib367, 30, 0, 1650577473.535327, 1650577480.021737, 6.486410140991211
fib420, 28, 0, 1650577477.367444, 1650577480.031735, 2.6642909049987793
fib423, 28, 0, 1650577477.617302, 1650577480.118469, 2.501167058944702
fib371, 30, 0, 1650577473.767901, 1650577480.432883, 6.664982080459595
fib382, 30, 0, 1650577474.586963, 1650577480.460778, 5.873815059661865
fib442, 27, 0, 1650577478.90406, 1650577480.507649, 1.6035890579223633
fib25, 34, 0, 1650577456.165767, 1650577480.521826, 24.356059074401855
fib422, 30, 0, 1650577477.470776, 1650577480.545774, 3.074997901916504
fib467, 23, 0, 1650577480.624685, 1650577480.702063, 0.0773780345916748
fib462, 20, 0, 1650577480.644338, 1650577480.72767, 0.08333206176757812
fib471, 20, 0, 1650577480.822137, 1650577480.845212, 0.023074865341186523
fib378, 30, 0, 1650577474.247764, 1650577480.873384, 6.625619888305664
fib375, 30, 0, 1650577474.035491, 1650577480.99239, 6.956898927688599
fib436, 28, 0, 1650577478.464298, 1650577481.09927, 2.634972095489502
fib461, 27, 0, 1650577480.431475, 1650577481.165949, 0.7344741821289062
fib458, 25, 0, 1650577480.232928, 1650577481.169121, 0.9361929893493652
fib475, 23, 0, 1650577481.153985, 1650577481.332703, 0.17871809005737305
fib453, 27, 0, 1650577479.816049, 1650577481.531809, 1.7157599925994873
fib390, 30, 0, 1650577475.070042, 1650577481.689546, 6.61950421333313
fib386, 30, 0, 1650577474.806844, 1650577481.890017, 7.083173036575317
fib479, 24, 0, 1650577481.562674, 1650577481.993402, 0.4307279586791992
fib446, 28, 0, 1650577479.246297, 1650577482.022433, 2.7761361598968506
fib469, 27, 0, 1650577480.720982, 1650577482.052146, 1.3311638832092285
fib393, 30, 0, 1650577475.298172, 1650577482.173936, 6.875763893127441
fib487, 22, 0, 1650577482.192648, 1650577482.337345, 0.14469695091247559
fib449, 28, 0, 1650577479.547755, 1650577482.51396, 2.966204881668091
fib473, 27, 0, 1650577481.004676, 1650577482.607137, 1.6024608612060547
fib491, 23, 0, 1650577482.464533, 1650577482.685839, 0.22130584716796875
fib401, 30, 0, 1650577475.980846, 1650577482.76683, 6.785984039306641
fib457, 28, 0, 1650577480.078331, 1650577482.893007, 2.81467604637146
fib483, 26, 0, 1650577481.862314, 1650577482.955359, 1.0930449962615967
fib495, 22, 0, 1650577482.850821, 1650577483.063526, 0.21270489692687988
fib397, 30, 0, 1650577475.625244, 1650577483.144151, 7.518907070159912
fib465, 28, 0, 1650577480.852487, 1650577483.474138, 2.6216509342193604
fib409, 30, 0, 1650577476.520849, 1650577483.581021, 7.060172080993652
fib405, 30, 0, 1650577476.258527, 1650577483.60288, 7.344352960586548
fib29, 34, 0, 1650577456.322223, 1650577483.620011, 27.29778814315796
fib413, 30, 0, 1650577476.853574, 1650577483.765558, 6.911983966827393
fib484, 27, 0, 1650577481.952274, 1650577483.775451, 1.8231768608093262
fib503, 23, 0, 1650577483.552288, 1650577483.786224, 0.23393583297729492
fib426, 30, 0, 1650577477.836224, 1650577484.029352, 6.193127870559692
fib509, 22, 0, 1650577484.000921, 1650577484.149722, 0.14880108833312988
fib499, 26, 0, 1650577483.124756, 1650577484.162771, 1.0380148887634277
fib476, 28, 0, 1650577481.398044, 1650577484.369838, 2.9717938899993896
fib480, 28, 0, 1650577481.62387, 1650577484.432616, 2.808746099472046
fib418, 30, 0, 1650577477.230738, 1650577484.63085, 7.400112152099609
fib500, 27, 0, 1650577483.198682, 1650577485.021888, 1.8232059478759766
fib518, 23, 0, 1650577484.754389, 1650577485.040331, 0.28594183921813965
fib488, 28, 0, 1650577482.166261, 1650577485.125555, 2.959294080734253
fib37, 34, 0, 1650577456.57514, 1650577485.144678, 28.569538116455078
fib512, 26, 0, 1650577484.213054, 1650577485.357348, 1.144294023513794
fib492, 28, 0, 1650577482.550447, 1650577485.447202, 2.8967549800872803
fib506, 27, 0, 1650577483.833661, 1650577485.673125, 1.8394639492034912
fib527, 21, 0, 1650577485.592768, 1650577485.678249, 0.08548092842102051
fib523, 24, 0, 1650577485.302349, 1650577485.761283, 0.45893383026123047
fib431, 30, 0, 1650577478.120725, 1650577485.87904, 7.758315086364746
fib528, 22, 0, 1650577485.642042, 1650577485.798794, 0.1567521095275879
fib448, 30, 0, 1650577479.471836, 1650577485.893944, 6.422107934951782
fib437, 30, 0, 1650577478.575493, 1650577485.934551, 7.359057903289795
fib496, 28, 0, 1650577482.970265, 1650577485.993406, 3.0231411457061768
fib513, 27, 0, 1650577484.307574, 1650577486.029842, 1.7222678661346436
fib532, 22, 0, 1650577486.086931, 1650577486.247659, 0.16072797775268555
fib536, 20, 0, 1650577486.216382, 1650577486.351688, 0.13530588150024414
fib515, 27, 0, 1650577484.540816, 1650577486.411592, 1.8707759380340576
fib443, 30, 0, 1650577479.023878, 1650577486.43339, 7.4095118045806885
fib445, 30, 0, 1650577479.148192, 1650577486.527841, 7.3796491622924805
fib519, 27, 0, 1650577484.920127, 1650577486.622678, 1.7025511264801025
fib538, 23, 0, 1650577486.334721, 1650577486.668161, 0.33343982696533203
fib543, 22, 0, 1650577486.879986, 1650577487.028596, 0.14860987663269043
fib510, 28, 0, 1650577484.095658, 1650577487.11255, 3.0168919563293457
fib522, 27, 0, 1650577485.201758, 1650577487.122118, 1.9203600883483887
fib452, 30, 0, 1650577479.78848, 1650577487.706401, 7.91792106628418
fib550, 23, 0, 1650577487.522332, 1650577487.857232, 0.3349001407623291
fib456, 30, 0, 1650577480.03036, 1650577487.88077, 7.850409984588623
fib459, 30, 0, 1650577480.300093, 1650577487.942535, 7.642441987991333
fib535, 27, 0, 1650577486.239863, 1650577488.100557, 1.860694169998169
fib470, 30, 0, 1650577480.783787, 1650577488.154508, 7.370721101760864
fib553, 23, 0, 1650577487.992163, 1650577488.250291, 0.25812816619873047
fib555, 21, 0, 1650577488.102652, 1650577488.268082, 0.16542983055114746
fib545, 26, 0, 1650577487.048674, 1650577488.299764, 1.2510898113250732
fib466, 30, 0, 1650577480.827695, 1650577488.413531, 7.585836172103882
fib559, 21, 0, 1650577488.432107, 1650577488.517408, 0.08530092239379883
fib540, 27, 0, 1650577486.611993, 1650577488.571744, 1.9597508907318115
fib474, 30, 0, 1650577481.069824, 1650577488.576588, 7.506763935089111
fib526, 28, 0, 1650577485.572649, 1650577488.696548, 3.123898983001709
fib463, 30, 0, 1650577480.637543, 1650577488.72223, 8.084686994552612
fib544, 27, 0, 1650577486.925472, 1650577488.865775, 1.940303087234497
fib531, 28, 0, 1650577485.86675, 1650577488.940983, 3.074233055114746
fib563, 23, 0, 1650577488.733627, 1650577489.051635, 0.3180079460144043
fib477, 30, 0, 1650577481.337298, 1650577489.071465, 7.734167098999023
fib51, 34, 0, 1650577457.15217, 1650577489.130217, 31.978047132492065
fib567, 23, 0, 1650577489.004649, 1650577489.238737, 0.23408818244934082
fib554, 26, 0, 1650577488.072373, 1650577489.331266, 1.2588930130004883
fib481, 30, 0, 1650577481.618349, 1650577489.293641, 7.675292015075684
fib549, 27, 0, 1650577487.445278, 1650577489.36146, 1.916182041168213
fib485, 30, 0, 1650577482.073179, 1650577489.716573, 7.6433939933776855
fib573, 23, 0, 1650577489.501184, 1650577489.758576, 0.25739192962646484
fib56, 34, 0, 1650577457.276498, 1650577489.872863, 32.596364974975586
fib576, 20, 0, 1650577489.811943, 1650577489.891005, 0.07906198501586914
fib490, 30, 0, 1650577482.397191, 1650577490.060321, 7.663130044937134
fib546, 28, 0, 1650577487.144459, 1650577490.14102, 2.996561050415039
fib557, 27, 0, 1650577488.273398, 1650577490.218406, 1.9450080394744873
fib570, 26, 0, 1650577489.287997, 1650577490.417659, 1.129662036895752
fib562, 27, 0, 1650577488.572388, 1650577490.459786, 1.8873980045318604
fib580, 24, 0, 1650577490.163917, 1650577490.616816, 0.4528989791870117
fib494, 30, 0, 1650577482.798975, 1650577490.64119, 7.842215061187744
fib583, 24, 0, 1650577490.455216, 1650577490.868797, 0.41358113288879395
fib587, 22, 0, 1650577490.740083, 1650577490.904731, 0.16464805603027344
fib498, 30, 0, 1650577483.107606, 1650577490.924092, 7.816486120223999
fib59, 34, 0, 1650577457.391984, 1650577491.259859, 33.86787509918213
fib502, 30, 0, 1650577483.357055, 1650577491.234743, 7.87768816947937
fib571, 27, 0, 1650577489.364576, 1650577491.238768, 1.8741919994354248
fib556, 28, 0, 1650577488.160236, 1650577491.374747, 3.2145111560821533
fib504, 30, 0, 1650577483.648739, 1650577491.546763, 7.898023843765259
fib595, 20, 0, 1650577491.485132, 1650577491.556441, 0.07130908966064453
fib507, 30, 0, 1650577483.907895, 1650577491.809641, 7.901745796203613
fib578, 27, 0, 1650577489.94805, 1650577491.918975, 1.9709250926971436
fib566, 28, 0, 1650577488.936346, 1650577492.037262, 3.1009159088134766
fib599, 23, 0, 1650577491.852272, 1650577492.101609, 0.24933695793151855
fib582, 27, 0, 1650577490.337236, 1650577492.242296, 1.905060052871704
fib591, 26, 0, 1650577491.124925, 1650577492.289421, 1.1644961833953857
fib603, 21, 0, 1650577492.295827, 1650577492.38514, 0.08931303024291992
fib514, 30, 0, 1650577484.353414, 1650577492.425215, 8.071800947189331
fib586, 27, 0, 1650577490.64784, 1650577492.597588, 1.9497480392456055
fib517, 30, 0, 1650577484.767222, 1650577492.747041, 7.979819059371948
fib608, 22, 0, 1650577492.684753, 1650577492.845509, 0.16075611114501953
fib588, 27, 0, 1650577490.868343, 1650577492.847095, 1.9787518978118896
fib575, 28, 0, 1650577489.711553, 1650577492.885591, 3.1740379333496094
fib520, 30, 0, 1650577484.992042, 1650577492.962348, 7.970305919647217
fib612, 20, 0, 1650577493.033914, 1650577493.113324, 0.07940983772277832
fib592, 27, 0, 1650577491.214688, 1650577493.223969, 2.0092809200286865
fib524, 30, 0, 1650577485.344527, 1650577493.280947, 7.93641996383667
fib616, 20, 0, 1650577493.436602, 1650577493.520031, 0.08342885971069336
fib596, 27, 0, 1650577491.62261, 1650577493.554862, 1.9322519302368164
fib619, 20, 0, 1650577493.661263, 1650577493.744615, 0.08335208892822266
fib529, 30, 0, 1650577485.783511, 1650577493.963633, 8.180122137069702
fib67, 34, 0, 1650577457.769615, 1650577494.009706, 36.24009108543396
fib600, 27, 0, 1650577491.992308, 1650577494.016474, 2.0241661071777344
fib534, 30, 0, 1650577486.121894, 1650577494.368609, 8.246715068817139
fib72, 34, 0, 1650577457.997757, 1650577494.541087, 36.54332995414734
fib624, 24, 0, 1650577494.159279, 1650577494.601999, 0.4427199363708496
fib621, 25, 0, 1650577493.870223, 1650577494.626701, 0.7564780712127686
fib628, 21, 0, 1650577494.497778, 1650577494.667325, 0.16954708099365234
fib539, 30, 0, 1650577486.543834, 1650577494.730237, 8.186403036117554
fib542, 30, 0, 1650577486.78088, 1650577494.832286, 8.051405906677246
fib611, 27, 0, 1650577492.961986, 1650577494.938485, 1.9764988422393799
fib76, 34, 0, 1650577458.207467, 1650577495.418331, 37.21086382865906
fib547, 30, 0, 1650577487.253717, 1650577495.577283, 8.32356595993042
fib605, 28, 0, 1650577492.523232, 1650577495.755332, 3.232100009918213
fib551, 30, 0, 1650577487.703861, 1650577495.931558, 8.227696895599365
fib632, 26, 0, 1650577494.90676, 1650577496.169348, 1.2625880241394043
fib623, 27, 0, 1650577494.155273, 1650577496.235565, 2.080291986465454
fib85, 34, 0, 1650577458.496373, 1650577496.398897, 37.9025239944458
fib614, 28, 0, 1650577493.217361, 1650577496.509598, 3.2922370433807373
fib560, 30, 0, 1650577488.400592, 1650577496.562333, 8.161741018295288
fib646, 24, 0, 1650577496.252144, 1650577496.708342, 0.45619797706604004
fib558, 30, 0, 1650577488.289724, 1650577496.843295, 8.553570985794067
fib638, 26, 0, 1650577495.519834, 1650577496.879302, 1.3594679832458496
fib631, 27, 0, 1650577494.849699, 1650577496.890671, 2.0409719944000244
fib618, 28, 0, 1650577493.605865, 1650577496.975449, 3.369584083557129
fib654, 22, 0, 1650577496.97293, 1650577497.141609, 0.16867899894714355
fib642, 26, 0, 1650577495.913614, 1650577497.190035, 1.276421070098877
fib565, 30, 0, 1650577488.860059, 1650577497.212661, 8.352602005004883
fib636, 27, 0, 1650577495.220514, 1650577497.376408, 2.1558940410614014
fib568, 30, 0, 1650577489.104703, 1650577497.682998, 8.5782949924469
fib640, 27, 0, 1650577495.684706, 1650577497.816618, 2.1319119930267334
fib627, 28, 0, 1650577494.479225, 1650577497.838994, 3.359769105911255
fib574, 30, 0, 1650577489.603546, 1650577497.95857, 8.355024099349976
fib660, 24, 0, 1650577497.519868, 1650577497.978232, 0.45836400985717773
fib650, 26, 0, 1650577496.653783, 1650577498.02129, 1.367506980895996
fib666, 21, 0, 1650577498.21207, 1650577498.301545, 0.08947491645812988
fib577, 30, 0, 1650577489.90344, 1650577498.46955, 8.566109895706177
fib647, 27, 0, 1650577496.407706, 1650577498.488271, 2.0805649757385254
fib668, 23, 0, 1650577498.363883, 1650577498.63848, 0.2745969295501709
fib669, 23, 0, 1650577498.42848, 1650577498.710421, 0.28194117546081543
fib664, 25, 0, 1650577497.892948, 1650577498.721594, 0.828646183013916
fib93, 34, 0, 1650577458.831556, 1650577498.770268, 39.93871188163757
fib581, 30, 0, 1650577490.257339, 1650577498.810613, 8.553273916244507
fib673, 23, 0, 1650577498.823269, 1650577499.093312, 0.27004313468933105
fib584, 30, 0, 1650577490.48901, 1650577499.125426, 8.636415958404541
fib657, 27, 0, 1650577497.265301, 1650577499.389218, 2.1239171028137207
fib677, 23, 0, 1650577499.154137, 1650577499.500087, 0.3459501266479492
fib644, 28, 0, 1650577496.132849, 1650577499.595707, 3.462857961654663
fib589, 30, 0, 1650577490.977002, 1650577499.737858, 8.76085615158081
fib681, 22, 0, 1650577499.537685, 1650577499.756305, 0.21862006187438965
fib661, 27, 0, 1650577497.600846, 1650577499.7804, 2.179553985595703
fib97, 34, 0, 1650577459.05762, 1650577499.864032, 40.80641198158264
fib594, 30, 0, 1650577491.397451, 1650577500.069036, 8.671585083007812
fib651, 28, 0, 1650577496.732713, 1650577500.178384, 3.4456710815429688
fib685, 22, 0, 1650577500.011412, 1650577500.188164, 0.17675209045410156
fib653, 28, 0, 1650577496.86534, 1650577500.381032, 3.5156919956207275
fib597, 30, 0, 1650577491.710481, 1650577500.453203, 8.742722034454346
fib693, 20, 0, 1650577500.768986, 1650577500.860313, 0.09132695198059082
fib601, 30, 0, 1650577492.056878, 1650577500.953216, 8.896337985992432
fib689, 25, 0, 1650577500.315925, 1650577501.113089, 0.7971642017364502
fib604, 30, 0, 1650577492.341481, 1650577501.280481, 8.939000129699707
fib678, 27, 0, 1650577499.228406, 1650577501.309842, 2.0814361572265625
fib607, 30, 0, 1650577492.608067, 1650577501.548252, 8.940185070037842
fib665, 28, 0, 1650577498.01036, 1650577501.618971, 3.6086111068725586
fib667, 28, 0, 1650577498.233483, 1650577501.644331, 3.4108479022979736
fib609, 30, 0, 1650577492.786605, 1650577501.800646, 9.014041185379028
fib699, 25, 0, 1650577501.461343, 1650577502.278495, 0.8171520233154297
fib613, 30, 0, 1650577493.260875, 1650577502.291795, 9.030920028686523
fib696, 26, 0, 1650577500.994159, 1650577502.385518, 1.3913590908050537
fib617, 30, 0, 1650577493.456866, 1650577502.402446, 8.945580005645752
fib674, 28, 0, 1650577498.882091, 1650577502.448301, 3.5662100315093994
fib704, 25, 0, 1650577501.82283, 1650577502.731494, 0.9086639881134033
fib622, 30, 0, 1650577494.016048, 1650577502.929634, 8.913586139678955
fib710, 24, 0, 1650577502.460264, 1650577502.995377, 0.5351130962371826
fib707, 25, 0, 1650577502.177409, 1650577503.041307, 0.8638980388641357
fib712, 22, 0, 1650577502.758599, 1650577503.043243, 0.28464388847351074
fib682, 28, 0, 1650577499.581575, 1650577503.054475, 3.472900152206421
fib123, 34, 0, 1650577460.040604, 1650577503.180279, 43.13967490196228
fib716, 23, 0, 1650577503.018759, 1650577503.297788, 0.27902889251708984
fib626, 30, 0, 1650577494.277938, 1650577503.380547, 9.102609157562256
fib697, 27, 0, 1650577501.142731, 1650577503.48844, 2.3457090854644775
fib686, 28, 0, 1650577500.096552, 1650577503.62851, 3.5319581031799316
fib127, 34, 0, 1650577460.232325, 1650577503.847598, 43.615272998809814
fib723, 21, 0, 1650577503.779869, 1650577503.877185, 0.09731602668762207
fib701, 27, 0, 1650577501.550852, 1650577503.891148, 2.3402960300445557
fib690, 28, 0, 1650577500.443911, 1650577504.018108, 3.5741968154907227
fib630, 30, 0, 1650577494.771128, 1650577503.982807, 9.211678981781006
fib633, 30, 0, 1650577494.989711, 1650577504.185709, 9.195997953414917
fib634, 30, 0, 1650577495.068942, 1650577504.221405, 9.15246295928955
fib726, 22, 0, 1650577504.088093, 1650577504.284808, 0.1967148780822754
fib706, 27, 0, 1650577502.110049, 1650577504.317972, 2.20792293548584
fib694, 28, 0, 1650577500.799728, 1650577504.364541, 3.5648131370544434
fib732, 20, 0, 1650577504.731047, 1650577504.734349, 0.0033020973205566406
fib639, 30, 0, 1650577495.664274, 1650577504.777811, 9.113537073135376
fib720, 26, 0, 1650577503.559652, 1650577504.983083, 1.4234309196472168
fib713, 27, 0, 1650577502.826639, 1650577505.034424, 2.207785129547119
fib717, 27, 0, 1650577503.078223, 1650577505.230811, 2.152588129043579
fib643, 30, 0, 1650577496.030565, 1650577505.384008, 9.353442907333374
fib648, 30, 0, 1650577496.452051, 1650577505.691932, 9.239881038665771
fib134, 34, 0, 1650577460.424001, 1650577505.695305, 45.2713041305542
fib721, 27, 0, 1650577503.579776, 1650577505.811889, 2.2321128845214844
fib738, 24, 0, 1650577505.240229, 1650577505.815029, 0.5748000144958496
fib743, 20, 0, 1650577505.840982, 1650577505.932295, 0.09131312370300293
fib709, 28, 0, 1650577502.445073, 1650577506.106369, 3.6612961292266846
fib652, 30, 0, 1650577496.789412, 1650577506.126187, 9.336775064468384
fib656, 30, 0, 1650577497.12791, 1650577506.306384, 9.178474187850952
fib735, 26, 0, 1650577504.952267, 1650577506.403892, 1.451625108718872
fib727, 27, 0, 1650577504.163845, 1650577506.432064, 2.268218994140625
fib749, 21, 0, 1650577506.384246, 1650577506.485607, 0.10136079788208008
fib729, 27, 0, 1650577504.395516, 1650577506.505918, 2.1104021072387695
fib751, 21, 0, 1650577506.592286, 1650577506.681592, 0.08930587768554688
fib659, 30, 0, 1650577497.452278, 1650577506.711992, 9.259714126586914
fib152, 34, 0, 1650577461.192814, 1650577506.955052, 45.762237787246704
fib663, 30, 0, 1650577497.804495, 1650577506.962052, 9.157557010650635
fib157, 34, 0, 1650577461.447417, 1650577507.121575, 45.67415809631348
fib755, 22, 0, 1650577507.000534, 1650577507.19324, 0.19270586967468262
fib760, 22, 0, 1650577507.451669, 1650577507.628368, 0.17669892311096191
fib670, 30, 0, 1650577498.501581, 1650577507.884242, 9.38266110420227
fib671, 30, 0, 1650577498.568488, 1650577507.955472, 9.38698410987854
fib733, 28, 0, 1650577504.748253, 1650577508.398299, 3.650045871734619
fib8, 35, 0, 1650577455.616503, 1650577508.455092, 52.83858895301819
fib675, 30, 0, 1650577498.982723, 1650577508.504424, 9.521701097488403
fib737, 28, 0, 1650577505.180196, 1650577508.89436, 3.7141640186309814
fib752, 27, 0, 1650577506.659852, 1650577508.900879, 2.2410268783569336
fib16, 35, 0, 1650577455.854534, 1650577508.907059, 53.05252504348755
fib680, 30, 0, 1650577499.433065, 1650577508.953881, 9.520816087722778
fib773, 20, 0, 1650577508.88889, 1650577508.984392, 0.09550189971923828
fib770, 24, 0, 1650577508.599901, 1650577509.086582, 0.4866809844970703
fib741, 28, 0, 1650577505.535649, 1650577509.294156, 3.758507013320923
fib683, 30, 0, 1650577499.757546, 1650577509.309143, 9.551597118377686
fib766, 26, 0, 1650577508.121236, 1650577509.466502, 1.3452658653259277
fib759, 27, 0, 1650577507.328782, 1650577509.610299, 2.2815170288085938
fib745, 28, 0, 1650577505.981715, 1650577509.646699, 3.6649839878082275
fib778, 24, 0, 1650577509.234499, 1650577509.758734, 0.5242350101470947
fib688, 30, 0, 1650577500.241174, 1650577509.87777, 9.636595964431763
fib691, 30, 0, 1650577500.516291, 1650577509.929482, 9.413191080093384
fib12, 35, 0, 1650577455.713252, 1650577509.942269, 54.22901701927185
fib783, 23, 0, 1650577509.748084, 1650577510.046015, 0.2979309558868408
fib748, 28, 0, 1650577506.263777, 1650577510.048565, 3.784787893295288
fib779, 24, 0, 1650577509.410608, 1650577510.053008, 0.6424000263214111
fib180, 34, 0, 1650577462.519454, 1650577510.080276, 47.56082201004028
fib785, 21, 0, 1650577509.995888, 1650577510.092884, 0.09699606895446777
fib175, 34, 0, 1650577462.247818, 1650577510.308685, 48.06086707115173
fib764, 27, 0, 1650577507.96409, 1650577510.326162, 2.362071990966797
fib170, 34, 0, 1650577461.977882, 1650577510.455048, 48.477166175842285
fib768, 27, 0, 1650577508.374249, 1650577510.765712, 2.391463041305542
fib756, 28, 0, 1650577507.105061, 1650577510.855276, 3.7502150535583496
fib787, 25, 0, 1650577510.155793, 1650577510.932286, 0.7764930725097656
fib795, 21, 0, 1650577511.012858, 1650577511.114316, 0.10145807266235352
fib791, 24, 0, 1650577510.529276, 1650577511.140458, 0.6111822128295898
fib698, 30, 0, 1650577501.301616, 1650577511.152779, 9.851163148880005
fib772, 27, 0, 1650577508.750547, 1650577511.202553, 2.4520061016082764
fib702, 30, 0, 1650577501.665948, 1650577511.244999, 9.57905101776123
fib800, 21, 0, 1650577511.452585, 1650577511.565933, 0.11334800720214844
fib705, 30, 0, 1650577501.926086, 1650577511.756661, 9.830574989318848
fib798, 24, 0, 1650577511.288171, 1650577511.790535, 0.502363920211792
fib711, 30, 0, 1650577502.613235, 1650577512.060253, 9.447017908096313
fib803, 23, 0, 1650577511.844574, 1650577512.150486, 0.3059120178222656
fib807, 22, 0, 1650577512.122498, 1650577512.399138, 0.2766399383544922
fib786, 27, 0, 1650577510.044186, 1650577512.500105, 2.455918788909912
fib789, 27, 0, 1650577510.363752, 1650577512.546139, 2.182387113571167
fib775, 28, 0, 1650577509.045457, 1650577512.690019, 3.644562005996704
fib715, 30, 0, 1650577502.932193, 1650577512.749753, 9.817559957504272
fib809, 24, 0, 1650577512.341993, 1650577512.940762, 0.598768949508667
fib719, 30, 0, 1650577503.378415, 1650577513.260014, 9.881598949432373
fib781, 28, 0, 1650577509.636185, 1650577513.462315, 3.8261301517486572
fib780, 28, 0, 1650577509.478779, 1650577513.467662, 3.9888830184936523
fib794, 27, 0, 1650577510.919989, 1650577513.476014, 2.5560247898101807
fib200, 34, 0, 1650577463.493499, 1650577513.530487, 50.03698801994324
fib724, 30, 0, 1650577503.819728, 1650577513.636604, 9.81687617301941
fib728, 30, 0, 1650577504.228253, 1650577514.300795, 10.072542190551758
fib804, 27, 0, 1650577511.92375, 1650577514.305451, 2.3817009925842285
fib817, 21, 0, 1650577514.244549, 1650577514.345895, 0.10134601593017578
fib731, 30, 0, 1650577504.58045, 1650577514.569101, 9.988651037216187
fib734, 30, 0, 1650577504.848027, 1650577514.700668, 9.852641105651855
fib799, 28, 0, 1650577511.412324, 1650577515.155733, 3.7434091567993164
fib820, 24, 0, 1650577514.56035, 1650577515.19105, 0.6307001113891602
fib742, 30, 0, 1650577505.664146, 1650577515.286624, 9.622478008270264
fib825, 23, 0, 1650577515.048761, 1650577515.330624, 0.2818632125854492
fib826, 22, 0, 1650577515.145514, 1650577515.346161, 0.20064687728881836
fib827, 20, 0, 1650577515.247835, 1650577515.347183, 0.09934806823730469
fib739, 30, 0, 1650577505.333363, 1650577515.375089, 10.041725873947144
fib815, 26, 0, 1650577513.996542, 1650577515.447945, 1.4514031410217285
fib832, 21, 0, 1650577515.768149, 1650577515.865465, 0.09731602668762207
fib828, 24, 0, 1650577515.328571, 1650577515.895177, 0.566605806350708
fib819, 26, 0, 1650577514.425671, 1650577515.984703, 1.5590319633483887
fib746, 30, 0, 1650577506.169283, 1650577516.014355, 9.845072031021118
fib833, 22, 0, 1650577515.875941, 1650577516.076522, 0.20058107376098633
fib750, 30, 0, 1650577506.475716, 1650577516.183564, 9.707847833633423
fib218, 34, 0, 1650577464.434909, 1650577516.209165, 51.774255990982056
fib829, 25, 0, 1650577515.459758, 1650577516.324225, 0.8644669055938721
fib753, 30, 0, 1650577506.708966, 1650577516.640293, 9.931326866149902
fib761, 30, 0, 1650577507.583464, 1650577516.74093, 9.157466173171997
fib21, 35, 0, 1650577456.004169, 1650577516.783298, 60.77912902832031
fib230, 34, 0, 1650577465.06345, 1650577516.80673, 51.74327993392944
fib842, 22, 0, 1650577516.752342, 1650577516.944976, 0.19263410568237305
fib843, 21, 0, 1650577516.868678, 1650577516.970108, 0.10142993927001953
fib841, 23, 0, 1650577516.638281, 1650577517.036252, 0.39797091484069824
fib757, 30, 0, 1650577507.149166, 1650577517.049765, 9.900599002838135
fib830, 26, 0, 1650577515.600436, 1650577517.075306, 1.474869966506958
fib831, 26, 0, 1650577515.632355, 1650577517.107419, 1.4750640392303467
fib844, 21, 0, 1650577516.937919, 1650577517.135278, 0.1973590850830078
fib845, 22, 0, 1650577517.132685, 1650577517.329301, 0.19661617279052734
fib762, 30, 0, 1650577507.653351, 1650577517.652375, 9.999023914337158
fib790, 30, 0, 1650577510.479934, 1650577518.052597, 7.572663068771362
fib767, 30, 0, 1650577508.365477, 1650577518.295861, 9.930383920669556
fib821, 28, 0, 1650577514.640692, 1650577518.44385, 3.8031580448150635
fib776, 30, 0, 1650577509.123634, 1650577518.542159, 9.418524980545044
fib771, 30, 0, 1650577508.637539, 1650577518.704451, 10.066912174224854
fib777, 30, 0, 1650577509.158311, 1650577519.019836, 9.861525058746338
fib861, 24, 0, 1650577518.665452, 1650577519.239958, 0.5745060443878174
fib857, 25, 0, 1650577518.316366, 1650577519.253327, 0.9369609355926514
fib253, 34, 0, 1650577466.286789, 1650577519.481045, 53.194256067276
fib864, 23, 0, 1650577519.129473, 1650577519.527453, 0.3979799747467041
fib242, 34, 0, 1650577465.719398, 1650577519.537062, 53.81766390800476
fib784, 30, 0, 1650577509.844183, 1650577519.558139, 9.713956117630005
fib856, 26, 0, 1650577518.070303, 1650577519.603035, 1.5327320098876953
fib866, 20, 0, 1650577519.504447, 1650577519.603869, 0.09942197799682617
fib862, 25, 0, 1650577518.919431, 1650577519.820066, 0.9006350040435791
fib868, 21, 0, 1650577519.732819, 1650577519.834238, 0.10141897201538086
fib834, 28, 0, 1650577515.959844, 1650577519.851068, 3.891223907470703
fib865, 25, 0, 1650577519.234085, 1650577520.082706, 0.8486208915710449
fib870, 22, 0, 1650577519.931884, 1650577520.120498, 0.1886138916015625
fib872, 21, 0, 1650577520.207927, 1650577520.305388, 0.09746098518371582
fib871, 22, 0, 1650577520.14398, 1650577520.344582, 0.20060205459594727
fib863, 26, 0, 1650577518.985228, 1650577520.472424, 1.4871959686279297
fib792, 30, 0, 1650577510.769092, 1650577520.672677, 9.903584957122803
fib875, 21, 0, 1650577520.628727, 1650577520.72209, 0.09336304664611816
fib846, 28, 0, 1650577517.172597, 1650577520.81995, 3.647353172302246
fib869, 25, 0, 1650577519.915973, 1650577520.823893, 0.9079201221466064
fib877, 21, 0, 1650577520.884522, 1650577520.981892, 0.09737014770507812
fib822, 29, 0, 1650577514.674318, 1650577521.004644, 6.3303258419036865
fib876, 22, 0, 1650577520.71438, 1650577521.011177, 0.2967970371246338
fib867, 26, 0, 1650577519.622093, 1650577521.049607, 1.4275140762329102
fib263, 34, 0, 1650577466.909322, 1650577521.206746, 54.29742407798767
fib873, 25, 0, 1650577520.376254, 1650577521.245022, 0.8687679767608643
fib797, 30, 0, 1650577511.25236, 1650577521.272719, 10.020358800888062
fib880, 20, 0, 1650577521.276329, 1650577521.371712, 0.0953829288482666
fib802, 30, 0, 1650577511.739057, 1650577521.417789, 9.678731918334961
fib878, 24, 0, 1650577521.012167, 1650577521.470031, 0.45786404609680176
fib879, 23, 0, 1650577521.132519, 1650577521.483556, 0.35103702545166016
fib881, 20, 0, 1650577521.424351, 1650577521.519718, 0.0953669548034668
fib874, 26, 0, 1650577520.488268, 1650577521.872368, 1.3841001987457275
fib806, 30, 0, 1650577512.076269, 1650577521.941973, 9.86570405960083
fib883, 23, 0, 1650577521.679912, 1650577521.953893, 0.27398085594177246
fib884, 22, 0, 1650577521.796437, 1650577521.981022, 0.1845848560333252
fib882, 24, 0, 1650577521.516767, 1650577522.07527, 0.5585029125213623
fib858, 28, 0, 1650577518.379859, 1650577522.136119, 3.7562599182128906
fib33, 35, 0, 1650577456.418126, 1650577522.144227, 65.72610092163086
fib810, 30, 0, 1650577512.517247, 1650577522.252985, 9.735738039016724
fib835, 29, 0, 1650577516.041915, 1650577522.29929, 6.257375001907349
fib278, 34, 0, 1650577467.809167, 1650577522.597255, 54.78808808326721
fib811, 30, 0, 1650577512.627806, 1650577522.628493, 10.00068712234497
fib890, 23, 0, 1650577522.399995, 1650577522.678231, 0.27823591232299805
fib885, 25, 0, 1650577521.909789, 1650577522.738195, 0.8284058570861816
fib891, 23, 0, 1650577522.50452, 1650577522.786447, 0.28192710876464844
fib886, 25, 0, 1650577522.004153, 1650577522.852744, 0.8485910892486572
fib273, 34, 0, 1650577467.5705, 1650577522.909938, 55.33943819999695
fib887, 25, 0, 1650577522.127897, 1650577522.968404, 0.8405070304870605
fib888, 25, 0, 1650577522.203953, 1650577523.075291, 0.871337890625
fib847, 29, 0, 1650577517.275709, 1650577523.085728, 5.810019016265869
fib892, 24, 0, 1650577522.64098, 1650577523.191517, 0.550537109375
fib897, 20, 0, 1650577523.255983, 1650577523.351319, 0.0953359603881836
fib848, 29, 0, 1650577517.35278, 1650577523.399551, 6.046770811080933
fib898, 22, 0, 1650577523.348033, 1650577523.524887, 0.17685413360595703
fib899, 22, 0, 1650577523.476923, 1650577523.653684, 0.17676091194152832
fib894, 25, 0, 1650577522.852087, 1650577523.664276, 0.8121888637542725
fib896, 24, 0, 1650577523.11236, 1650577523.679427, 0.5670669078826904
fib901, 20, 0, 1650577523.677158, 1650577523.764476, 0.08731794357299805
fib816, 30, 0, 1650577514.133284, 1650577523.834062, 9.700778007507324
fib903, 21, 0, 1650577523.991726, 1650577524.081142, 0.0894160270690918
fib818, 30, 0, 1650577514.281875, 1650577524.153013, 9.871138095855713
fib904, 20, 0, 1650577524.140637, 1650577524.228036, 0.08739900588989258
fib902, 24, 0, 1650577523.852477, 1650577524.383127, 0.5306499004364014
fib823, 30, 0, 1650577514.80039, 1650577524.546642, 9.746252059936523
fib296, 34, 0, 1650577468.981252, 1650577524.745065, 55.76381301879883
fib910, 20, 0, 1650577524.940318, 1650577525.027657, 0.08733892440795898
fib300, 34, 0, 1650577469.179679, 1650577525.107095, 55.9274160861969
fib912, 21, 0, 1650577525.110636, 1650577525.284022, 0.1733860969543457
fib911, 23, 0, 1650577524.930048, 1650577525.295225, 0.3651769161224365
fib907, 25, 0, 1650577524.540702, 1650577525.368586, 0.8278839588165283
fib908, 25, 0, 1650577524.700583, 1650577525.537157, 0.8365740776062012
fib909, 25, 0, 1650577524.686703, 1650577525.555187, 0.8684840202331543
fib906, 26, 0, 1650577524.337981, 1650577525.624433, 1.286452054977417
fib905, 26, 0, 1650577524.280553, 1650577525.656614, 1.376060962677002
fib889, 28, 0, 1650577522.292231, 1650577525.685706, 3.393474817276001
fib43, 35, 0, 1650577456.839316, 1650577525.782487, 68.94317102432251
fib836, 30, 0, 1650577516.163784, 1650577525.829005, 9.665220975875854
fib914, 24, 0, 1650577525.416507, 1650577525.854361, 0.4378540515899658
fib837, 30, 0, 1650577516.216263, 1650577525.872218, 9.655954837799072
fib917, 23, 0, 1650577525.763944, 1650577526.034057, 0.2701129913330078
fib919, 20, 0, 1650577526.044184, 1650577526.135498, 0.09131407737731934
fib921, 22, 0, 1650577526.227921, 1650577526.412735, 0.1848139762878418
fib916, 25, 0, 1650577525.635877, 1650577526.448898, 0.813021183013916
fib922, 22, 0, 1650577526.3044, 1650577526.48511, 0.1807100772857666
fib47, 35, 0, 1650577456.974266, 1650577526.506383, 69.53211688995361
fib913, 26, 0, 1650577525.272293, 1650577526.567323, 1.295029878616333
fib924, 22, 0, 1650577526.401308, 1650577526.569957, 0.16864895820617676
fib926, 21, 0, 1650577526.700916, 1650577526.790268, 0.08935189247131348
fib915, 26, 0, 1650577525.532399, 1650577526.804007, 1.2716081142425537
fib925, 23, 0, 1650577526.572625, 1650577526.822089, 0.2494640350341797
fib920, 25, 0, 1650577526.116663, 1650577526.882671, 0.7660081386566162
fib849, 30, 0, 1650577517.515273, 1650577526.940872, 9.425598859786987
fib309, 34, 0, 1650577469.652144, 1650577526.958165, 57.306020975112915
fib927, 22, 0, 1650577526.84867, 1650577527.032943, 0.18427300453186035
fib928, 20, 0, 1650577527.004929, 1650577527.088018, 0.08308887481689453
fib850, 30, 0, 1650577517.535911, 1650577527.15903, 9.623118877410889
fib853, 30, 0, 1650577517.750289, 1650577527.198718, 9.448429107666016
fib929, 22, 0, 1650577527.03351, 1650577527.201185, 0.16767501831054688
fib851, 30, 0, 1650577517.647742, 1650577527.22508, 9.577337980270386
fib852, 30, 0, 1650577517.735778, 1650577527.235885, 9.500106811523438
fib918, 26, 0, 1650577526.008982, 1650577527.295969, 1.286987066268921
fib931, 22, 0, 1650577527.344457, 1650577527.509126, 0.16466903686523438
fib930, 25, 0, 1650577527.208086, 1650577527.972513, 0.7644269466400146
fib323, 34, 0, 1650577470.623622, 1650577528.011594, 57.38797211647034
fib935, 23, 0, 1650577527.720244, 1650577528.01582, 0.2955760955810547
fib336, 34, 0, 1650577471.398551, 1650577528.045679, 56.647128105163574
fib934, 24, 0, 1650577527.596221, 1650577528.087271, 0.49105000495910645
fib937, 21, 0, 1650577528.024299, 1650577528.105793, 0.08149409294128418
fib319, 34, 0, 1650577470.324539, 1650577528.228111, 57.90357208251953
fib936, 25, 0, 1650577527.952784, 1650577528.725725, 0.7729408740997314
fib942, 22, 0, 1650577528.623908, 1650577528.792465, 0.16855692863464355
fib939, 24, 0, 1650577528.324486, 1650577528.823105, 0.49861907958984375
fib940, 24, 0, 1650577528.424569, 1650577528.95113, 0.5265610218048096
fib945, 21, 0, 1650577529.028177, 1650577529.121553, 0.09337592124938965
fib332, 34, 0, 1650577471.14607, 1650577529.10277, 57.95670008659363
fib943, 24, 0, 1650577528.760824, 1650577529.291546, 0.5307221412658691
fib347, 34, 0, 1650577472.133107, 1650577529.326231, 57.19312405586243
fib941, 25, 0, 1650577528.551921, 1650577529.336483, 0.7845621109008789
fib938, 26, 0, 1650577528.168345, 1650577529.399514, 1.2311689853668213
fib946, 23, 0, 1650577529.117846, 1650577529.459153, 0.3413069248199463
fib923, 28, 0, 1650577526.423152, 1650577529.538266, 3.1151139736175537
fib948, 23, 0, 1650577529.360883, 1650577529.690938, 0.33005499839782715
fib950, 20, 0, 1650577529.624448, 1650577529.708011, 0.08356285095214844
fib951, 20, 0, 1650577529.790248, 1650577529.793576, 0.003328084945678711
fib949, 23, 0, 1650577529.505188, 1650577529.827333, 0.3221449851989746
fib343, 34, 0, 1650577471.843513, 1650577529.860436, 58.01692295074463
fib947, 25, 0, 1650577529.261181, 1650577530.030098, 0.7689168453216553
fib953, 21, 0, 1650577529.893941, 1650577530.051312, 0.15737104415893555
fib955, 21, 0, 1650577530.184664, 1650577530.266137, 0.08147287368774414
fib956, 20, 0, 1650577530.227794, 1650577530.303113, 0.07531905174255371
fib954, 24, 0, 1650577530.076523, 1650577530.555342, 0.4788188934326172
fib63, 35, 0, 1650577457.545452, 1650577530.711318, 73.16586589813232
fib352, 34, 0, 1650577472.423544, 1650577530.826202, 58.402657985687256
fib961, 20, 0, 1650577530.84433, 1650577530.923671, 0.07934093475341797
fib960, 23, 0, 1650577530.720423, 1650577530.974313, 0.2538900375366211
fib959, 24, 0, 1650577530.576236, 1650577530.997857, 0.42162108421325684
fib952, 26, 0, 1650577529.876171, 1650577531.043312, 1.1671409606933594
fib964, 21, 0, 1650577531.167992, 1650577531.253426, 0.0854339599609375
fib965, 23, 0, 1650577531.259916, 1650577531.501501, 0.24158501625061035
fib893, 30, 0, 1650577522.760622, 1650577531.504478, 8.743855953216553
fib966, 22, 0, 1650577531.42858, 1650577531.589266, 0.16068601608276367
fib958, 26, 0, 1650577530.392369, 1650577531.631235, 1.238865852355957
fib963, 25, 0, 1650577531.069191, 1650577531.825846, 0.7566549777984619
fib370, 34, 0, 1650577473.713638, 1650577531.977008, 58.26337003707886
fib363, 34, 0, 1650577473.247719, 1650577532.054676, 58.80695700645447
fib962, 26, 0, 1650577530.912193, 1650577532.106907, 1.194713830947876
fib900, 30, 0, 1650577523.562427, 1650577532.253356, 8.690928936004639
fib972, 23, 0, 1650577532.048131, 1650577532.282185, 0.2340540885925293
fib854, 31, 0, 1650577517.947932, 1650577532.427787, 14.479855060577393
fib975, 21, 0, 1650577532.415605, 1650577532.497053, 0.08144783973693848
fib973, 24, 0, 1650577532.179815, 1650577532.582432, 0.4026169776916504
fib974, 23, 0, 1650577532.332203, 1650577532.586075, 0.2538721561431885
fib976, 21, 0, 1650577532.535915, 1650577532.608946, 0.07303118705749512
fib967, 26, 0, 1650577531.532049, 1650577532.739908, 1.2078590393066406
fib968, 26, 0, 1650577531.675795, 1650577532.871084, 1.195288896560669
fib977, 23, 0, 1650577532.640511, 1650577532.947146, 0.30663490295410156
fib978, 23, 0, 1650577532.811352, 1650577533.053475, 0.24212288856506348
fib971, 26, 0, 1650577531.96472, 1650577533.123397, 1.158677101135254
fib980, 21, 0, 1650577533.045617, 1650577533.12641, 0.08079290390014648
fib957, 28, 0, 1650577530.303965, 1650577533.350435, 3.0464699268341064
fib374, 34, 0, 1650577473.980309, 1650577533.392703, 59.41239404678345
fib388, 34, 0, 1650577474.941405, 1650577533.41845, 58.4770450592041
fib982, 22, 0, 1650577533.313136, 1650577533.465378, 0.15224194526672363
fib380, 34, 0, 1650577474.438685, 1650577533.593286, 59.154601097106934
fib979, 25, 0, 1650577532.924642, 1650577533.605148, 0.6805059909820557
fib983, 22, 0, 1650577533.453309, 1650577533.613924, 0.1606149673461914
fib379, 34, 0, 1650577474.310766, 1650577533.704861, 59.394094944000244
fib984, 23, 0, 1650577533.568388, 1650577533.806444, 0.23805594444274902
fib82, 35, 0, 1650577458.379935, 1650577533.906966, 75.52703094482422
fib989, 21, 0, 1650577533.999907, 1650577534.077325, 0.07741808891296387
fib986, 24, 0, 1650577533.81207, 1650577534.210631, 0.3985610008239746
fib990, 23, 0, 1650577534.10857, 1650577534.345877, 0.23730683326721191
fib981, 26, 0, 1650577533.196901, 1650577534.355525, 1.1586239337921143
fib993, 22, 0, 1650577534.416473, 1650577534.565126, 0.1486530303955078
fib988, 25, 0, 1650577533.90966, 1650577534.593572, 0.6839118003845215
fib992, 25, 0, 1650577534.256104, 1650577534.944757, 0.6886529922485352
fib996, 23, 0, 1650577534.79232, 1650577535.022299, 0.2299790382385254
fib987, 26, 0, 1650577533.852127, 1650577535.051095, 1.1989679336547852
fib411, 34, 0, 1650577476.664096, 1650577535.162338, 58.498241901397705
fib997, 24, 0, 1650577534.908193, 1650577535.339382, 0.43118882179260254
fib999, 23, 0, 1650577535.148301, 1650577535.378307, 0.23000621795654297
fib998, 24, 0, 1650577535.02887, 1650577535.455689, 0.42681884765625
fib932, 30, 0, 1650577527.420357, 1650577535.567153, 8.146795988082886
fib994, 26, 0, 1650577534.49398, 1650577535.632708, 1.138728141784668
fib1000, 24, 0, 1650577535.264323, 1650577535.723192, 0.45886898040771484
fib995, 26, 0, 1650577534.641754, 1650577535.799838, 1.1580841541290283
fib414, 34, 0, 1650577476.935983, 1650577535.963198, 59.027215003967285
fib991, 27, 0, 1650577534.216379, 1650577536.084152, 1.8677730560302734
fib89, 35, 0, 1650577458.698536, 1650577536.173504, 77.47496819496155
fib427, 34, 0, 1650577477.886236, 1650577536.504618, 58.6183819770813
fib419, 34, 0, 1650577477.280141, 1650577536.629745, 59.34960389137268
fib944, 30, 0, 1650577528.864619, 1650577536.648962, 7.784343004226685
fib424, 34, 0, 1650577477.592984, 1650577537.432969, 59.83998513221741
fib101, 35, 0, 1650577459.186223, 1650577537.57871, 78.39248704910278
fib444, 34, 0, 1650577479.080017, 1650577538.662482, 59.582464933395386
fib110, 35, 0, 1650577459.448694, 1650577538.754359, 79.30566501617432
fib455, 34, 0, 1650577479.999113, 1650577538.908958, 58.90984487533569
fib969, 30, 0, 1650577531.792269, 1650577538.95705, 7.164781093597412
fib118, 35, 0, 1650577459.79731, 1650577539.478161, 79.68085098266602
fib114, 35, 0, 1650577459.654069, 1650577539.516272, 79.8622031211853
fib450, 34, 0, 1650577479.625361, 1650577539.527353, 59.901992082595825
fib464, 34, 0, 1650577480.763608, 1650577540.18688, 59.423272132873535
fib482, 34, 0, 1650577481.815045, 1650577540.344744, 58.529698848724365
fib486, 34, 0, 1650577482.095892, 1650577540.449084, 58.35319209098816
fib124, 35, 0, 1650577460.032057, 1650577540.497659, 80.46560192108154
fib985, 30, 0, 1650577533.688764, 1650577540.602261, 6.913496971130371
fib493, 34, 0, 1650577482.617026, 1650577541.128855, 58.511828899383545
fib138, 35, 0, 1650577460.635192, 1650577541.147909, 80.5127170085907
fib489, 34, 0, 1650577482.331526, 1650577541.486641, 59.1551148891449
fib497, 34, 0, 1650577483.028221, 1650577541.502008, 58.47378706932068
fib511, 34, 0, 1650577484.132416, 1650577542.172356, 58.039939880371094
fib147, 35, 0, 1650577460.935398, 1650577542.254178, 81.31877994537354
fib143, 35, 0, 1650577460.856743, 1650577542.760996, 81.90425300598145
fib165, 35, 0, 1650577461.798093, 1650577542.997023, 81.19893002510071
fib530, 34, 0, 1650577485.850521, 1650577543.740521, 57.889999866485596
fib162, 35, 0, 1650577461.632819, 1650577543.884022, 82.25120306015015
fib533, 34, 0, 1650577486.062144, 1650577544.551036, 58.48889183998108
fib537, 34, 0, 1650577486.375869, 1650577544.9305, 58.55463099479675
fib541, 34, 0, 1650577486.687768, 1650577545.263034, 58.57526612281799
fib192, 35, 0, 1650577463.061386, 1650577545.521979, 82.4605929851532
fib184, 35, 0, 1650577462.717207, 1650577545.804812, 83.08760499954224
fib564, 34, 0, 1650577488.780112, 1650577545.993425, 57.21331286430359
fib188, 35, 0, 1650577462.903565, 1650577546.053232, 83.14966702461243
fib569, 34, 0, 1650577489.199833, 1650577546.23578, 57.03594708442688
fib204, 35, 0, 1650577463.722799, 1650577546.684559, 82.9617600440979
fib196, 35, 0, 1650577463.262707, 1650577546.700413, 83.43770599365234
fib585, 34, 0, 1650577490.583589, 1650577547.330653, 56.747063875198364
fib209, 35, 0, 1650577464.001951, 1650577547.335799, 83.33384799957275
fib222, 35, 0, 1650577464.601569, 1650577548.038185, 83.43661594390869
fib602, 34, 0, 1650577492.152715, 1650577548.279961, 56.127246141433716
fib226, 35, 0, 1650577464.86143, 1650577548.390766, 83.52933597564697
fib234, 35, 0, 1650577465.373882, 1650577548.938703, 83.56482100486755
fib620, 34, 0, 1650577493.706283, 1650577549.103106, 55.396822929382324
fib615, 34, 0, 1650577493.301287, 1650577549.229168, 55.92788100242615
fib238, 35, 0, 1650577465.53578, 1650577549.315244, 83.77946400642395
fib629, 34, 0, 1650577494.542753, 1650577549.552347, 55.00959396362305
fib246, 35, 0, 1650577465.953, 1650577549.680487, 83.72748684883118
fib268, 35, 0, 1650577467.208937, 1650577550.02853, 82.81959295272827
fib662, 34, 0, 1650577497.763056, 1650577550.093044, 52.3299880027771
fib251, 35, 0, 1650577466.228768, 1650577550.160263, 83.93149495124817
fib259, 35, 0, 1650577466.706577, 1650577550.397818, 83.69124102592468
fib645, 34, 0, 1650577496.260339, 1650577550.484868, 54.22452902793884
fib282, 35, 0, 1650577468.132747, 1650577550.576867, 82.44412016868591
fib655, 34, 0, 1650577497.042805, 1650577550.871441, 53.828635931015015
fib658, 34, 0, 1650577497.321816, 1650577550.888455, 53.5666389465332
fib676, 34, 0, 1650577499.062643, 1650577551.442696, 52.38005304336548
fib287, 35, 0, 1650577468.372468, 1650577551.670833, 83.29836511611938
fib292, 35, 0, 1650577468.592282, 1650577551.920329, 83.32804703712463
fib679, 34, 0, 1650577499.344461, 1650577552.035938, 52.69147706031799
fib695, 34, 0, 1650577500.917665, 1650577552.127146, 51.20948100090027
fib304, 35, 0, 1650577469.383605, 1650577552.372615, 82.98901009559631
fib687, 34, 0, 1650577500.132201, 1650577552.410016, 52.277815103530884
fib314, 35, 0, 1650577469.94015, 1650577552.620162, 82.68001198768616
fib692, 34, 0, 1650577500.639716, 1650577552.685852, 52.046136140823364
fib703, 34, 0, 1650577501.835229, 1650577553.071137, 51.23590803146362
fib700, 34, 0, 1650577501.453847, 1650577553.099343, 51.645496129989624
fib708, 34, 0, 1650577502.311326, 1650577553.195987, 50.884660959243774
fib339, 35, 0, 1650577471.606267, 1650577553.843283, 82.23701596260071
fib725, 34, 0, 1650577503.995675, 1650577553.875789, 49.88011384010315
fib718, 34, 0, 1650577503.266247, 1650577553.914828, 50.64858102798462
fib736, 34, 0, 1650577505.048162, 1650577554.25565, 49.20748805999756
fib740, 34, 0, 1650577505.495927, 1650577554.294759, 48.798831939697266
fib747, 34, 0, 1650577506.255866, 1650577554.504676, 48.248810052871704
fib758, 34, 0, 1650577507.271341, 1650577554.906255, 47.6349139213562
fib356, 35, 0, 1650577472.773808, 1650577554.916239, 82.1424310207367
fib366, 35, 0, 1650577473.410479, 1650577555.090826, 81.6803469657898
fib765, 34, 0, 1650577508.090076, 1650577555.164622, 47.074546098709106
fib769, 34, 0, 1650577508.521476, 1650577555.442939, 46.92146301269531
fib384, 35, 0, 1650577474.637724, 1650577555.761912, 81.12418818473816
fib398, 35, 0, 1650577475.666305, 1650577556.019015, 80.35271000862122
fib402, 35, 0, 1650577476.056464, 1650577556.087094, 80.03063011169434
fib793, 34, 0, 1650577510.772503, 1650577556.324971, 45.552468061447144
fib808, 34, 0, 1650577512.324329, 1650577556.395121, 44.07079219818115
fib801, 34, 0, 1650577511.60824, 1650577556.452607, 44.844367027282715
fib813, 34, 0, 1650577512.891701, 1650577556.472209, 43.58050799369812
fib812, 34, 0, 1650577512.784557, 1650577556.535028, 43.750470876693726
fib814, 34, 0, 1650577513.068788, 1650577556.535956, 43.46716785430908
fib394, 35, 0, 1650577475.409339, 1650577556.546626, 81.13728713989258
fib406, 35, 0, 1650577476.347212, 1650577556.572712, 80.22549986839294
fib805, 34, 0, 1650577511.975776, 1650577556.707656, 44.7318799495697
fib824, 34, 0, 1650577514.984903, 1650577556.708847, 41.72394394874573
fib430, 35, 0, 1650577478.047062, 1650577557.310646, 79.26358413696289
fib434, 35, 0, 1650577478.324761, 1650577557.353281, 79.02852010726929
fib468, 35, 0, 1650577480.651551, 1650577557.709259, 77.05770802497864
fib840, 34, 0, 1650577516.559903, 1650577557.763193, 41.20328998565674
fib472, 35, 0, 1650577480.893659, 1650577557.796722, 76.90306282043457
fib460, 35, 0, 1650577480.341825, 1650577557.848788, 77.50696301460266
fib860, 34, 0, 1650577518.592652, 1650577557.946274, 39.35362195968628
fib478, 35, 0, 1650577481.531033, 1650577558.333335, 76.80230188369751
fib505, 35, 0, 1650577483.719438, 1650577558.458104, 74.73866581916809
fib501, 35, 0, 1650577483.293785, 1650577558.773011, 75.47922587394714
fib508, 35, 0, 1650577483.961185, 1650577558.800084, 74.8388991355896
fib516, 35, 0, 1650577484.641894, 1650577559.052808, 74.41091394424438
fib525, 35, 0, 1650577485.465531, 1650577559.084226, 73.61869478225708
fib521, 35, 0, 1650577485.090714, 1650577559.207757, 74.11704301834106
fib552, 35, 0, 1650577487.822551, 1650577559.566736, 71.74418497085571
fib548, 35, 0, 1650577487.336403, 1650577559.585651, 72.24924802780151
fib572, 35, 0, 1650577489.45248, 1650577559.791345, 70.33886480331421
fib561, 35, 0, 1650577488.512566, 1650577559.940287, 71.42772102355957
fib579, 35, 0, 1650577490.056559, 1650577560.036151, 69.97959184646606
fib590, 35, 0, 1650577491.041251, 1650577560.13309, 69.0918390750885
fib593, 35, 0, 1650577491.385055, 1650577560.433009, 69.04795384407043
fib610, 35, 0, 1650577492.906406, 1650577560.45516, 67.5487539768219
fib598, 35, 0, 1650577491.799231, 1650577560.550159, 68.75092792510986
fib606, 35, 0, 1650577492.607299, 1650577560.568964, 67.96166491508484
fib625, 35, 0, 1650577494.27606, 1650577560.872658, 66.59659790992737
fib637, 35, 0, 1650577495.31744, 1650577560.907857, 65.59041690826416
fib635, 35, 0, 1650577495.124159, 1650577561.045586, 65.92142701148987
fib649, 35, 0, 1650577496.527518, 1650577561.125986, 64.59846806526184
fib641, 35, 0, 1650577495.90024, 1650577561.155474, 65.25523400306702
fib672, 35, 0, 1650577498.763099, 1650577561.213395, 62.45029616355896
fib684, 35, 0, 1650577499.797566, 1650577561.427204, 61.62963795661926
fib730, 35, 0, 1650577504.411667, 1650577561.646243, 57.23457598686218
fib714, 35, 0, 1650577502.86116, 1650577561.6856, 58.824440002441406
fib722, 35, 0, 1650577503.724272, 1650577561.758821, 58.03454899787903
fib763, 35, 0, 1650577507.900158, 1650577561.821975, 53.92181706428528
fib744, 35, 0, 1650577505.951668, 1650577561.931652, 55.97998404502869
fib782, 35, 0, 1650577509.679926, 1650577561.94265, 52.26272416114807
fib774, 35, 0, 1650577509.044232, 1650577562.04058, 52.9963481426239
fib796, 35, 0, 1650577510.999812, 1650577562.150578, 51.150766134262085
fib754, 35, 0, 1650577506.916582, 1650577562.154444, 55.23786187171936
fib859, 35, 0, 1650577518.429627, 1650577562.312025, 43.88239812850952
fib788, 35, 0, 1650577510.260364, 1650577562.333601, 52.07323694229126
fib838, 35, 0, 1650577516.338759, 1650577562.376369, 46.03761005401611
fib855, 35, 0, 1650577518.020198, 1650577562.459238, 44.43903994560242
fib839, 35, 0, 1650577516.504162, 1650577562.472958, 45.96879601478577
fib933, 35, 0, 1650577527.528078, 1650577562.590911, 35.062832832336426
fib895, 35, 0, 1650577522.983811, 1650577562.655112, 39.6713011264801
fib970, 35, 0, 1650577531.777187, 1650577562.87979, 31.1026029586792
